num <- c(12, 23, 13,14,423,4123,51234,1234124,12)


